docs/data/greater85.asc
ncols        481
nrows        281
xllcorner    -170.125000000000
yllcorner    19.875000000000
cellsize     0.250000000000
NODATA_value  nan
[rows 78 to 103 of 281, columns 177 to 235 of 481]
null null null null null null null null null null null null null null null null null null null null null null null null null null null null null null null null null null null null null null null null null null null null null null null null null null null null null null null 0.16666667163372039795 null null null
null null null null null null null null null null null null null null null null null null null null null null null null null null null null null null null null null null null null null null null null null null null null null null null null null null null null null null null null null null null
null null null null null null null null null null null null null null null null null null null null null null null null null null null null null null null null null null null null null null null null null null null null null null null null null null null null null null null null null null null
null null null null null null null null null null null null null null null null null null null null null null null null null null null null null null null null null null null null null null null null null null null null null null null null null null null null null null null null null null null
null null null null null null null null null null null null null null null null null null null null null null null null null null null null null null null null null null null null null null null null null null null null null null null null null null null null null null null null null null null
null null null null null null null null null null null null null null null null null null null null null null null null null null null null null null null null null null null null null null null null null null null null null null null null null null null null null null null null null null null
null null null null null null null null null null null null null null null null null null null null null null null null null null null null null null null null null null null null null null null null null null null null null null null null null null null null null null null null null null null
null null null null null null null null null null null null null null null null null null null null null null null null null null null null null null null null null null null null null null null null null null null null null null null null null null null null null null null null null null null
null null null null null null null null null null null null null null null null null null null null null null null null null null null null null null null null null null null null null null null null null null 0.3333333432674407959 null null null null null null null null null null null null null null null null
null null null null null null null null null null null null null null null null null null null null null null null null null null null null null null null null null null null null null null null null null null null null null null null null null null null null null null null null null null null
null null null null null null null null null null null null null null null null null null null null null null null null null null null null null null null null null null null null null null null null null null null null null null null null null null null null null null null null null null null
null null null null null null null null null null null null null null null null null null null null null null null null null null null null null null null null null null null null null null null null null null null null null null null null null null null null null null null null null null null
null null null null null null null null null null null null null null null null null null null null null null null null null null null null null null null null null null null null null null null null null null null null null null 0.3333333432674407959 0.3333333432674407959 0.3333333432674407959 0.3333333432674407959 0.3333333432674407959 0.3333333432674407959 0.3333333432674407959 0.3333333432674407959 0.3333333432674407959 0.3333333432674407959 0.3333333432674407959 0.3333333432674407959 0.3333333432674407959
null null null null null null null null null null null null null null null null null null null null null null null null null null null null null null null null null null null null null null null null null null null null null null null null null null null null null null null null null 0.16666667163372039795 0.3333333432674407959
null null null null null null null null null null null null null null null null null null null null null null null null null null null null null null null null null null null null null null null null null null null null null null null null null null null null null null null null null null null
null null null null null null null null null null null null null null null null null null null null null null null null null null null null null null null null null null null null null null null null null null null null null null null null null null null null null null null null null null 0.3333333432674407959
null null null null null null null null null null null null null null null null null null null null null null null null null null null null null null null null null null null null null null null null null null null null null null null null null null null null null null null null null null null
null null null null null null null null null null null null null null null null null null null null null null null null null null null null null null null null null null null null null null null null null null null null null null null 0.16666667163372039795 null null null null null null null null 0.16666667163372039795 0.16666667163372039795 0.3333333432674407959
0.3333333432674407959 0.3333333432674407959 null null null null null null null null null null null null null null null null null null null null null null null null null null null null null null null null null null null null null null null null null null null null null null null null null null null null null null null null null
0.3333333432674407959 0.3333333432674407959 0.3333333432674407959 0.5 1.1666666269302368164 2 2.1666667461395263672 1.1666666269302368164 0.6666666865348815918 0.5 0.16666667163372039795 null null null null null null null null null null null null null null null null null null null null null null null null null null null null null null null null null null null null null null null null null null null null null null null null
2.3333332538604736328 2.6666667461395263672 2 1.6666666269302368164 2.6666667461395263672 2.8333332538604736328 3.1666667461395263672 3.3333332538604736328 1.6666666269302368164 1 0.6666666865348815918 null null null null null null null null null null null null null null null 0.16666667163372039795 null null null null null null null null null null null null null null null null null null null null null null null null null null null null null null null null
4.6666665077209472656 5 4.3333334922790527344 4.8333334922790527344 3.5 3.1666667461395263672 3.3333332538604736328 3.5 3.5 0.3333333432674407959 null null null null null null null null null null null null null null null null 0.16666667163372039795 null 0.16666667163372039795 null null null null null null 0.16666667163372039795 null null null null null null null null null null null null null null null null null null null null null null null
6 7 6.8333334922790527344 7 6.1666665077209472656 5.1666665077209472656 4.5 3.8333332538604736328 4 0.6666666865348815918 null null null null null null null null 0.16666667163372039795 0.3333333432674407959 0.8333333134651184082 0.3333333432674407959 0.16666667163372039795 0.16666667163372039795 0.16666667163372039795 0.5 0.5 0.3333333432674407959 0.5 0.5 0.3333333432674407959 null null null null null 0.3333333432674407959 null null null null null null null null null null null null null null null null null null null null null null
5.5 6 6.6666665077209472656 7.8333334922790527344 6.5 5.1666665077209472656 4.8333334922790527344 3 2.6666667461395263672 3.1666667461395263672 3.8333332538604736328 3.8333332538604736328 2.8333332538604736328 2.3333332538604736328 2.6666667461395263672 3.5 3.6666667461395263672 4.3333334922790527344 5 4 2.6666667461395263672 1 0.8333333134651184082 0.3333333432674407959 null null null 0.16666667163372039795 0.5 null null null null null null null 1.1666666269302368164 0.6666666865348815918 0.16666667163372039795 0.3333333432674407959 0.5 0.16666667163372039795 0.16666667163372039795 null null null null null null null null null null null null null null null null
1.6666666269302368164 2.1666667461395263672 3.6666667461395263672 5.5 4.3333334922790527344 3.1666667461395263672 2.6666667461395263672 1.6666666269302368164 1.3333333730697631836 2.1666667461395263672 3.1666667461395263672 4.1666665077209472656 4.5 4.8333334922790527344 4.8333334922790527344 4.6666665077209472656 4.8333334922790527344 5 5.1666665077209472656 4.1666665077209472656 3.1666667461395263672 1.6666666269302368164 1.1666666269302368164 0.8333333134651184082 0.3333333432674407959 0.3333333432674407959 0.5 0.6666666865348815918 0.8333333134651184082 0.6666666865348815918 1 0.16666667163372039795 0.16666667163372039795 null null null 1.1666666269302368164 0.5 0.16666667163372039795 0.5 0.5 0.6666666865348815918 0.8333333134651184082 0.8333333134651184082 0.6666666865348815918 0.16666667163372039795 null null null null null null null null null null null null null
2.1666667461395263672 3.3333332538604736328 4.3333334922790527344 5.6666665077209472656 4.5 2.8333332538604736328 2.1666667461395263672 1.1666666269302368164 0.3333333432674407959 1.5 2.3333332538604736328 3.1666667461395263672 3.3333332538604736328 3.6666667461395263672 3.8333332538604736328 4.5 4.6666665077209472656 4.8333334922790527344 5.1666665077209472656 4.3333334922790527344 2.8333332538604736328 1.6666666269302368164 1 1 1 1 0.8333333134651184082 0.8333333134651184082 0.8333333134651184082 0.6666666865348815918 0.8333333134651184082 null null null null 0.16666667163372039795 1.6666666269302368164 1.3333333730697631836 1.1666666269302368164 1.1666666269302368164 1.1666666269302368164 0.8333333134651184082 0.6666666865348815918 0.6666666865348815918 0.6666666865348815918 0.5 0.3333333432674407959 0.3333333432674407959 null null null null null null null null null null null
