docs/data/greater85.asc
ncols        481
nrows        281
xllcorner    -170.125000000000
yllcorner    19.875000000000
cellsize     0.250000000000
NODATA_value  nan
[rows 208 to 233 of 281, columns 177 to 235 of 481]
null null null null null null null null null null null null 0.16666667163372039795 7 51.666667938232421875 60.166667938232421875 78.16666412353515625 116.5 124 120.16666412353515625 115.66666412353515625 105 91.16666412353515625 47.333332061767578125 1.3333333730697631836 null null 12 41.5 61.666667938232421875 78.66666412353515625 103.16666412353515625 104.33333587646484375 105 100.66666412353515625 99.33333587646484375 90.33333587646484375 91.33333587646484375 93.5 95.83333587646484375 91.66666412353515625 95.83333587646484375 100.33333587646484375 104.5 97.83333587646484375 86 76.16666412353515625 67 82 90.66666412353515625 96 83 51.833332061767578125 34 36.166667938232421875 22.833333969116210938 6.3333334922790527344 19.666666030883789062 55
null null null null null null null null null null null null null 0.6666666865348815918 17 39.833332061767578125 66.33333587646484375 105.33333587646484375 132.1666717529296875 133.1666717529296875 128.3333282470703125 121.33333587646484375 11null 89.16666412353515625 16 null null 1.5 13.166666984558105469 42.166667938232421875 60.5 86 96.5 97.66666412353515625 100.33333587646484375 103.16666412353515625 98.16666412353515625 90.66666412353515625 89.66666412353515625 95.5 96.5 101.16666412353515625 106.83333587646484375 109.66666412353515625 105 97.83333587646484375 91.5 83.83333587646484375 95.33333587646484375 97.83333587646484375 82.66666412353515625 5null 23.666666030883789062 24 29.333333969116210938 40.5 50.333332061767578125 73 92.5
null null null null null null null null null null null null null 0.16666667163372039795 9.3333330154418945312 39.833332061767578125 57.833332061767578125 99 129.5 148.6666717529296875 146.8333282470703125 139 127.5 113.16666412353515625 65 12.666666984558105469 null null 0.5 19 65.33333587646484375 77 83.83333587646484375 91.83333587646484375 102 111 104 97.16666412353515625 91.66666412353515625 97.83333587646484375 100.66666412353515625 108 111.83333587646484375 112.33333587646484375 102.33333587646484375 96.66666412353515625 94.16666412353515625 86 84.66666412353515625 77.16666412353515625 59.666667938232421875 26.833333969116210938 12.5 18.5 39.166667938232421875 67.66666412353515625 88.83333587646484375 99.83333587646484375 109.33333587646484375
null null null null null null null null null null null null null null 4 24.833333969116210938 44.333332061767578125 94.83333587646484375 128.3333282470703125 154 158.1666717529296875 153 144.8333282470703125 137.5 117 82 12 null null 3 71.16666412353515625 93.83333587646484375 97.33333587646484375 103.5 110.16666412353515625 111 105.33333587646484375 96.83333587646484375 91.66666412353515625 99.83333587646484375 106.66666412353515625 116 121.33333587646484375 126.83333587646484375 117.83333587646484375 117.16666412353515625 118.66666412353515625 123.66666412353515625 121.33333587646484375 117.66666412353515625 107.83333587646484375 85.5 69.16666412353515625 7null 79.16666412353515625 92.66666412353515625 102.33333587646484375 107.83333587646484375 113.83333587646484375
null null null null null null null null null null null null null null null 0.3333333432674407959 5.8333334922790527344 20.166666030883789062 73.83333587646484375 119.16666412353515625 144.5 155 151.1666717529296875 150.5 145.1666717529296875 119.16666412353515625 81.83333587646484375 1 null null 21.666666030883789062 82 111 121.83333587646484375 124.16666412353515625 121.5 116.5 11null 108.16666412353515625 118.16666412353515625 121.33333587646484375 123.66666412353515625 126.83333587646484375 137.3333282470703125 140.5 142.6666717529296875 144 142 137.3333282470703125 131.1666717529296875 12null 108.33333587646484375 99.83333587646484375 92.66666412353515625 93.83333587646484375 100.33333587646484375 116.66666412353515625 122.66666412353515625 119
null null null null null null null null null null null null null null null null 1.3333333730697631836 13.166666984558105469 44.666667938232421875 83 132.6666717529296875 144.5 158 158.6666717529296875 151.5 144.3333282470703125 112 57 null null 1.8333333730697631836 86.5 121 139.6666717529296875 148.1666717529296875 157.5 148 137.6666717529296875 130.1666717529296875 129 124.66666412353515625 119.66666412353515625 121.5 132.3333282470703125 153.8333282470703125 158.1666717529296875 153.5 136.5 124.16666412353515625 114.16666412353515625 104.66666412353515625 108.66666412353515625 108.16666412353515625 92.83333587646484375 71.16666412353515625 74.66666412353515625 103 108.33333587646484375 104.16666412353515625
null null null null null null null null null null null null null null null null 1.6666666269302368164 18.5 77.33333587646484375 95.5 124.66666412353515625 139.8333282470703125 152.6666717529296875 166.5 159.8333282470703125 151.8333282470703125 139.3333282470703125 105.66666412353515625 1 null 0.16666667163372039795 86.83333587646484375 111 131 152.5 164.1666717529296875 159 157.3333282470703125 146.1666717529296875 123.16666412353515625 105.33333587646484375 104.5 125 142.8333282470703125 158 17null 166 142.5 109.33333587646484375 98.16666412353515625 99.33333587646484375 108.66666412353515625 108.33333587646484375 83.33333587646484375 60.333332061767578125 64.66666412353515625 90.66666412353515625 97.83333587646484375 95
null null null null null null null null null null null null null null null null 0.8333333134651184082 25.833333969116210938 86.83333587646484375 109.5 106.33333587646484375 128.3333282470703125 151.1666717529296875 168.6666717529296875 163.5 163.1666717529296875 149 131.6666717529296875 34.333332061767578125 0.8333333134651184082 1.5 78.33333587646484375 101.16666412353515625 120.16666412353515625 136.3333282470703125 149.5 153 150.1666717529296875 149.6666717529296875 124.33333587646484375 103.83333587646484375 117.33333587646484375 138.8333282470703125 162 163.8333282470703125 175.8333282470703125 169.1666717529296875 148.6666717529296875 115.66666412353515625 104.16666412353515625 105.66666412353515625 103.5 105.33333587646484375 82.33333587646484375 79.66666412353515625 78.5 99.66666412353515625 108.16666412353515625 104.66666412353515625
null null null null null null null null null null null null null null null null null 2.1666667461395263672 52.666667938232421875 92.5 83.5 106.16666412353515625 136.8333282470703125 160.8333282470703125 167.3333282470703125 165.1666717529296875 155.6666717529296875 137.1666717529296875 68.66666412353515625 29 33.5 81.5 107.66666412353515625 126 135.1666717529296875 142.1666717529296875 153.6666717529296875 162.8333282470703125 162.1666717529296875 135.5 122 135 149.1666717529296875 172 171.3333282470703125 163.3333282470703125 156.5 139.6666717529296875 126.5 117.16666412353515625 106.5 89.66666412353515625 91 99.33333587646484375 96.5 82.5 99.66666412353515625 107.66666412353515625 116.5
null null null null null null null null null null null null null null null null null 0.16666667163372039795 4 33.5 6null 80.33333587646484375 113.16666412353515625 143.8333282470703125 155.3333282470703125 164.6666717529296875 154.5 138 92.66666412353515625 60.333332061767578125 63.833332061767578125 99 130.3333282470703125 142.1666717529296875 153.8333282470703125 151 163 168.6666717529296875 170.6666717529296875 152 138.6666717529296875 132.1666717529296875 144.1666717529296875 159.1666717529296875 169.1666717529296875 159.3333282470703125 146.5 127.83333587646484375 125.5 117.5 107 79.5 79 85.16666412353515625 81.83333587646484375 62.666667938232421875 80.5 108.83333587646484375 119.16666412353515625
null null null null null null null null null null null null null null null null null null null 1 19.5 56.666667938232421875 87.33333587646484375 118.66666412353515625 140.5 153.1666717529296875 156.6666717529296875 144.6666717529296875 106.83333587646484375 89.5 92.5 115.83333587646484375 133.6666717529296875 143.6666717529296875 145 138.8333282470703125 149.5 159.6666717529296875 163.1666717529296875 157.8333282470703125 136.3333282470703125 127.16666412353515625 128.8333282470703125 146.8333282470703125 161.1666717529296875 156.6666717529296875 142.1666717529296875 130.5 123.5 111.33333587646484375 97.16666412353515625 81.33333587646484375 82.5 78.66666412353515625 7null 45.833332061767578125 57.166667938232421875 88.5 121.83333587646484375
null null null null null null null null null null null null null null null null null null null null 4.3333334922790527344 21.333333969116210938 61.833332061767578125 92.83333587646484375 119.66666412353515625 138.1666717529296875 148.8333282470703125 136.1666717529296875 100.66666412353515625 89.5 106.33333587646484375 126.66666412353515625 132.6666717529296875 135.1666717529296875 135.6666717529296875 137.3333282470703125 143.3333282470703125 161 173.3333282470703125 171.3333282470703125 137.3333282470703125 121.33333587646484375 121.83333587646484375 146 169.1666717529296875 164.1666717529296875 145 130.5 122 108.5 90.83333587646484375 90.33333587646484375 94.5 86.5 66.16666412353515625 31.166666030883789062 25.666666030883789062 48.666667938232421875 91.16666412353515625
null null null null null null null null null null null null null null null null null null null null null 1.3333333730697631836 21 52.166667938232421875 81.66666412353515625 99.83333587646484375 104.66666412353515625 92.16666412353515625 89.83333587646484375 97.66666412353515625 115.16666412353515625 139.8333282470703125 145.8333282470703125 146.5 145.8333282470703125 147.5 152.6666717529296875 165.6666717529296875 176.3333282470703125 177.6666717529296875 152.1666717529296875 136.8333282470703125 139.1666717529296875 162.1666717529296875 185.3333282470703125 181 159.8333282470703125 131.1666717529296875 128.6666717529296875 114.33333587646484375 93.66666412353515625 77.5 98.5 101.83333587646484375 96.16666412353515625 75.5 44.666667938232421875 39.833332061767578125 62.333332061767578125
null null null null null null null null null null null null null null null null null null null null null 0.5 13.166666984558105469 35.333332061767578125 66.66666412353515625 80.83333587646484375 77.33333587646484375 75 92.33333587646484375 107.33333587646484375 121 129.1666717529296875 130.6666717529296875 135.3333282470703125 139.5 139.3333282470703125 146.8333282470703125 157.1666717529296875 166.5 173.5 172.6666717529296875 166 164.8333282470703125 170.1666717529296875 188.1666717529296875 193.8333282470703125 181.6666717529296875 16null 153.1666717529296875 132.8333282470703125 115 90.33333587646484375 98.16666412353515625 102.66666412353515625 104.66666412353515625 121.16666412353515625 97.83333587646484375 63.166667938232421875 4null
null null null null null null null null null null null null null null null null null null null null null null 0.3333333432674407959 1.5 11.833333015441894531 31 25.833333969116210938 53.833332061767578125 85 99.16666412353515625 93.66666412353515625 93.16666412353515625 102.66666412353515625 119.33333587646484375 128.5 115.16666412353515625 122.83333587646484375 139.3333282470703125 163.6666717529296875 177.6666717529296875 184.8333282470703125 186.8333282470703125 186.5 179.3333282470703125 186.5 196 196.8333282470703125 181.5 173.8333282470703125 166 148.5 128.8333282470703125 97.33333587646484375 95.16666412353515625 92.5 122.16666412353515625 109.83333587646484375 69.33333587646484375 43.833332061767578125
null null null null null null null null null null null null null null null null null null null null null null null null null 0.8333333134651184082 4.3333334922790527344 21.666666030883789062 62.333332061767578125 101.33333587646484375 99 90.83333587646484375 87.66666412353515625 12null 112.16666412353515625 85.66666412353515625 83 125.66666412353515625 154.3333282470703125 169.3333282470703125 181.3333282470703125 192.6666717529296875 193.5 191.3333282470703125 197.3333282470703125 206 207.8333282470703125 196 186.3333282470703125 176.5 164.8333282470703125 154.1666717529296875 128.5 111.33333587646484375 110.33333587646484375 125.33333587646484375 132.8333282470703125 117 73.5
null null null null null null null null null null null null null null null null null null null null null null null null null null 0.16666667163372039795 2.1666667461395263672 4.6666665077209472656 25.333333969116210938 91.16666412353515625 89.16666412353515625 91 128.8333282470703125 111.5 98.66666412353515625 95.33333587646484375 134.8333282470703125 152.5 170.3333282470703125 168.3333282470703125 185 192.8333282470703125 203.1666717529296875 207.3333282470703125 210.8333282470703125 212.3333282470703125 201.8333282470703125 189.8333282470703125 177.6666717529296875 171 167 157 160.8333282470703125 157.3333282470703125 157.3333282470703125 152.6666717529296875 140.1666717529296875 119.83333587646484375
null null null null null null null null null null null null null null null null null null null null null null null null null null null null null 0.5 8.6666669845581054688 29.333333969116210938 46.833332061767578125 104.66666412353515625 130.3333282470703125 116.16666412353515625 115.33333587646484375 144.6666717529296875 164.6666717529296875 178 175.3333282470703125 180.1666717529296875 192.6666717529296875 203.8333282470703125 213.5 216.5 208.3333282470703125 198.3333282470703125 187.3333282470703125 187 179.8333282470703125 180.1666717529296875 183 186.6666717529296875 188.6666717529296875 186 177.3333282470703125 161 145.5
null null null null null null null null null null null null null null null null null null null null null null null null null null null null null null null 0.3333333432674407959 4 44.333332061767578125 90.66666412353515625 111.33333587646484375 105.66666412353515625 134.1666717529296875 178.6666717529296875 193.5 194.6666717529296875 19null 196.1666717529296875 208 217.3333282470703125 215.5 198.3333282470703125 190.5 195.5 196.6666717529296875 198 199.3333282470703125 202.6666717529296875 201.6666717529296875 207.6666717529296875 206 198 182.3333282470703125 159.6666717529296875
null null null null null null null null null null null null null null null null null null null null null null null null null null null null null null null null null 5 43.333332061767578125 76.5 90.5 123.66666412353515625 174.1666717529296875 193.8333282470703125 192.8333282470703125 213.1666717529296875 205.1666717529296875 212.5 215.5 213 194.6666717529296875 19null 198 205 212.6666717529296875 216.6666717529296875 215.5 213.6666717529296875 209.5 210.6666717529296875 207.3333282470703125 198 177.5
null null null null null null null null null null null null null null null null null null null null null null null null null null null null null null null null null null 4 50.833332061767578125 92.5 120.83333587646484375 159.6666717529296875 196.5 224.6666717529296875 236.8333282470703125 227.1666717529296875 220.8333282470703125 218.1666717529296875 219.5 215.3333282470703125 213.6666717529296875 218.1666717529296875 221.8333282470703125 221.3333282470703125 225.8333282470703125 22null 209.1666717529296875 200.8333282470703125 204.8333282470703125 214 205 193
null null null null null null null null null null null null null null null null null null null null null null null null null null null null null null null null null null 2.1666667461395263672 28.833333969116210938 76.66666412353515625 96.16666412353515625 135.8333282470703125 182.3333282470703125 224.5 236.3333282470703125 232.3333282470703125 231.1666717529296875 231.3333282470703125 231.8333282470703125 226.6666717529296875 226.8333282470703125 227 227.3333282470703125 224.5 220.1666717529296875 206.8333282470703125 194.8333282470703125 192.8333282470703125 202.3333282470703125 212 205.6666717529296875 193.3333282470703125
null null null null null null null null null null null null null null null null null null null null null null null null null null null null null null null null null null null 1.1666666269302368164 50.833332061767578125 93.5 114.66666412353515625 149.5 192.8333282470703125 228 237 234.8333282470703125 231.5 226.8333282470703125 212.8333282470703125 209 211.5 216.3333282470703125 215.5 208.5 193.3333282470703125 186.5 189.5 201.6666717529296875 210.1666717529296875 207.6666717529296875 194.3333282470703125
null null null null null null null null null null null null null null null null null null null null null null null null null null null null null null null null null null null 0.6666666865348815918 32.5 94.83333587646484375 88.16666412353515625 123.83333587646484375 173.6666717529296875 224.8333282470703125 238.8333282470703125 236.6666717529296875 231.3333282470703125 223 210.8333282470703125 206 207.6666717529296875 209.5 212.6666717529296875 204.1666717529296875 191.6666717529296875 188.8333282470703125 194.1666717529296875 198.8333282470703125 191.5 196.1666717529296875 199.8333282470703125
null null null null null null null null null null null null null null null null null null null null null null null null null null null null null null null null null null null null 3.3333332538604736328 67.66666412353515625 77.83333587646484375 104 149.1666717529296875 206 234.8333282470703125 234.5 227.6666717529296875 215 214.1666717529296875 211.5 212.8333282470703125 213.5 215.3333282470703125 205.8333282470703125 198.3333282470703125 195.1666717529296875 196.8333282470703125 196.3333282470703125 182 176.5 180.1666717529296875
null null null null null null null null null null null null null null null null null null null null null null null null null null null null null null null null null null null null 0.5 35.833332061767578125 87 108.33333587646484375 131.3333282470703125 18null 215.1666717529296875 217.3333282470703125 21null 182.1666717529296875 208.8333282470703125 21null 209.5 212 217.1666717529296875 206.6666717529296875 200.5 197 197.8333282470703125 190.8333282470703125 173.1666717529296875 165.5 16null
