docs/data/greater85.asc
ncols        481
nrows        281
xllcorner    -170.125000000000
yllcorner    19.875000000000
cellsize     0.250000000000
NODATA_value  nan
[rows 182 to 207 of 281, columns 295 to 353 of 481]
29.166666030883789062 34.833332061767578125 38 38.666667938232421875 38.666667938232421875 35.666667938232421875 35 34.5 33.333332061767578125 32.166667938232421875 30.333333969116210938 26.166666030883789062 25.166666030883789062 24.833333969116210938 25.166666030883789062 25.166666030883789062 25.333333969116210938 26.666666030883789062 25.666666030883789062 21.833333969116210938 21.333333969116210938 19.833333969116210938 19 19.166666030883789062 18.833333969116210938 17.666666030883789062 19.166666030883789062 2null 19.333333969116210938 20.666666030883789062 22.833333969116210938 23.5 26.166666030883789062 22.333333969116210938 16.5 null null null null null null 1.3333333730697631836 2null 24.666666030883789062 21.5 19 18.5 21.666666030883789062 22.833333969116210938 24.666666030883789062 21 3.5 null null null null null null null
27.833333969116210938 29.333333969116210938 31.666666030883789062 34.5 36 35.166667938232421875 35.5 36.166667938232421875 34.5 32.166667938232421875 28.166666030883789062 25.833333969116210938 23.833333969116210938 23 23.5 23.666666030883789062 22.833333969116210938 24.333333969116210938 25 22.833333969116210938 23.5 24 24 25.166666030883789062 23.666666030883789062 20.5 19.333333969116210938 2null 20.666666030883789062 25.333333969116210938 25.166666030883789062 22 24.166666030883789062 22 17 null null null null null 1.1666666269302368164 14.833333015441894531 22 18.666666030883789062 20.333333969116210938 20.833333969116210938 19.666666030883789062 23 24.5 27.5 13.333333015441894531 1.1666666269302368164 null null null null null null null
29.333333969116210938 28.333333969116210938 28.5 3null 31.166666030883789062 32 34.333332061767578125 35.166667938232421875 34.166667938232421875 32.666667938232421875 31.166666030883789062 26.666666030883789062 23.833333969116210938 22.166666030883789062 22.166666030883789062 22.166666030883789062 22 22.333333969116210938 24 23.166666030883789062 25.5 25.833333969116210938 24.833333969116210938 25.833333969116210938 20.333333969116210938 14.5 21.166666030883789062 26.333333969116210938 25.833333969116210938 27.833333969116210938 21.5 10.166666984558105469 16.666666030883789062 13 4.6666665077209472656 null null null null null 17.5 26.666666030883789062 27 21.666666030883789062 22.5 24.166666030883789062 26.333333969116210938 31 32.166667938232421875 32.5 6.8333334922790527344 1.5 1.1666666269302368164 5.5 0.3333333432674407959 null null null null
34.666667938232421875 32.333332061767578125 29.833333969116210938 30.333333969116210938 30.333333969116210938 31.5 33 34.333332061767578125 33.333332061767578125 33 30.833333969116210938 27.666666030883789062 24.5 22.833333969116210938 20.666666030883789062 20.333333969116210938 20.5 23.5 24.333333969116210938 25.833333969116210938 25.5 25 21 21.833333969116210938 20.166666030883789062 19.833333969116210938 24.833333969116210938 30.333333969116210938 29.166666030883789062 27.166666030883789062 21.5 17.333333969116210938 21 12.5 0.8333333134651184082 null null null null null 2null 25.833333969116210938 27.833333969116210938 26 26.833333969116210938 29.166666030883789062 31.833333969116210938 36 37.166667938232421875 35.166667938232421875 12.333333015441894531 7.1666665077209472656 19.166666030883789062 17.333333969116210938 2.3333332538604736328 null null null null
39.333332061767578125 38.333332061767578125 36.5 34.333332061767578125 33.5 34.833332061767578125 35.166667938232421875 36.333332061767578125 35.166667938232421875 33.166667938232421875 30.166666030883789062 27.166666030883789062 25.666666030883789062 24.5 23 22 21.333333969116210938 22.333333969116210938 23.666666030883789062 27.666666030883789062 27.166666030883789062 27.166666030883789062 23.833333969116210938 24.5 24.833333969116210938 26.166666030883789062 28.333333969116210938 28.333333969116210938 29.5 26.166666030883789062 23.666666030883789062 22 22 1.6666666269302368164 null null null null null null 23.5 29 29.833333969116210938 27.333333969116210938 29.333333969116210938 31 33.166667938232421875 37.5 37.666667938232421875 36.166667938232421875 23.833333969116210938 22.333333969116210938 28.5 24.666666030883789062 4.5 null null null null
44 44.166667938232421875 40.5 38.833332061767578125 38.666667938232421875 38.5 38.666667938232421875 37.833332061767578125 37.333332061767578125 34.666667938232421875 32.666667938232421875 31.333333969116210938 3null 29.5 27 24.833333969116210938 24.5 21.333333969116210938 23 25.833333969116210938 28.166666030883789062 26.833333969116210938 29 27.833333969116210938 29.333333969116210938 31.833333969116210938 27.666666030883789062 27.166666030883789062 28 27.166666030883789062 25 29.833333969116210938 26.5 3.5 null null null null null null 6.3333334922790527344 26.5 26 30.833333969116210938 33.166667938232421875 34.166667938232421875 36.666667938232421875 37.666667938232421875 38.166667938232421875 37.166667938232421875 34.833332061767578125 32.666667938232421875 29.166666030883789062 30.5 5.1666665077209472656 0.16666667163372039795 null null 2
48.333332061767578125 48 44.166667938232421875 42 42 40.833332061767578125 40.5 41.666667938232421875 4null 39.5 37 34.5 34.333332061767578125 34.166667938232421875 31.666666030883789062 28.666666030883789062 27.333333969116210938 24 23.833333969116210938 25.833333969116210938 28 28.833333969116210938 32.333332061767578125 30.166666030883789062 3null 33.166667938232421875 29.833333969116210938 30.333333969116210938 31.333333969116210938 29.166666030883789062 28.333333969116210938 32.833332061767578125 29 5 null null null null null null null 3.5 27.5 32.333332061767578125 33.833332061767578125 34.833332061767578125 35.666667938232421875 36.833332061767578125 37.166667938232421875 35.5 32.833332061767578125 31.833333969116210938 28.5 30.166666030883789062 28.333333969116210938 14 5.6666665077209472656 4.8333334922790527344 2null
51.833332061767578125 49.5 49 47.166667938232421875 44.833332061767578125 43.333332061767578125 43.166667938232421875 43.833332061767578125 44 43.166667938232421875 40.833332061767578125 38.666667938232421875 36.833332061767578125 36.666667938232421875 35 32.833332061767578125 31 27.833333969116210938 27.5 27.833333969116210938 27.166666030883789062 29.333333969116210938 33.5 28.833333969116210938 30.333333969116210938 32.5 32 32.666667938232421875 33 31.166666030883789062 3null 31.333333969116210938 28.5 4.1666665077209472656 null null null null null null null 6.5 28.333333969116210938 32.666667938232421875 30.666666030883789062 32.666667938232421875 35.833332061767578125 33.833332061767578125 33.5 33.166667938232421875 29.5 30.5 3null 29.5 15.166666984558105469 16.333333969116210938 24 19.666666030883789062 14.333333015441894531
56 53.5 50.833332061767578125 48.833332061767578125 47.833332061767578125 47.833332061767578125 47.666667938232421875 47.5 46.833332061767578125 46 45.833332061767578125 42 39.333332061767578125 38.166667938232421875 36.5 35.166667938232421875 34.5 31.5 29.5 29.833333969116210938 29.666666030883789062 31.166666030883789062 35.333332061767578125 34.333332061767578125 32.666667938232421875 33.666667938232421875 33.5 33.5 35.666667938232421875 33.666667938232421875 32.666667938232421875 31.666666030883789062 30.5 3.6666667461395263672 null null null null null null null 13.666666984558105469 31.833333969116210938 33.666667938232421875 31.5 33.833332061767578125 35 31 31.333333969116210938 33.333332061767578125 28.833333969116210938 31.5 34.833332061767578125 32.666667938232421875 14.833333015441894531 8.3333330154418945312 21.333333969116210938 17.666666030883789062 2.1666667461395263672
61.166667938232421875 59.166667938232421875 54.166667938232421875 49.833332061767578125 48.333332061767578125 49.5 51.333332061767578125 51.666667938232421875 49.333332061767578125 49 48.666667938232421875 44.5 40.833332061767578125 39.833332061767578125 38 37.666667938232421875 37.833332061767578125 35.5 34.833332061767578125 34.166667938232421875 34 34.166667938232421875 35.5 36.5 36.833332061767578125 36.166667938232421875 35.833332061767578125 37.333332061767578125 39.5 37.666667938232421875 33.833332061767578125 31.166666030883789062 33.833332061767578125 14.333333015441894531 null null null null null null 12.666666984558105469 31.166666030883789062 33.666667938232421875 32.333332061767578125 31.666666030883789062 29.5 30.166666030883789062 28.666666030883789062 29.5 31.166666030883789062 33.333332061767578125 39.666667938232421875 32.5 27.5 11.666666984558105469 7 12.166666984558105469 0.5 null
62.666667938232421875 62.166667938232421875 57.666667938232421875 52.166667938232421875 49.5 49.666667938232421875 52.5 54.5 54.333332061767578125 53.333332061767578125 53.166667938232421875 50.833332061767578125 46 44 42.5 41.5 41.333332061767578125 40.833332061767578125 41.166667938232421875 41 39.666667938232421875 39.833332061767578125 41 41.666667938232421875 40.666667938232421875 39 39.5 38.333332061767578125 37.333332061767578125 39.666667938232421875 35.166667938232421875 33 40.166667938232421875 37 17.833333969116210938 null null null 0.16666667163372039795 13.666666984558105469 32.166667938232421875 34.166667938232421875 32.166667938232421875 34 34.166667938232421875 28.833333969116210938 26.333333969116210938 25.5 27.166666030883789062 36.333332061767578125 40.166667938232421875 38.833332061767578125 10.666666984558105469 2.6666667461395263672 0.6666666865348815918 0.5 null null null
65.16666412353515625 63.833332061767578125 60.166667938232421875 53.5 50.833332061767578125 52.166667938232421875 52.166667938232421875 54.666667938232421875 56.166667938232421875 57.833332061767578125 56.666667938232421875 54.666667938232421875 51 47.666667938232421875 45.833332061767578125 44.666667938232421875 44.833332061767578125 45.333332061767578125 45.833332061767578125 46 44.166667938232421875 43.333332061767578125 45.833332061767578125 47.666667938232421875 47 46 45.166667938232421875 41.166667938232421875 37.166667938232421875 37 36.833332061767578125 36.333332061767578125 38 39.833332061767578125 23.5 2.8333332538604736328 0.8333333134651184082 1.1666666269302368164 14.333333015441894531 26.833333969116210938 36.333332061767578125 35.666667938232421875 35.5 34.833332061767578125 32.5 26.833333969116210938 27.666666030883789062 31.666666030883789062 36.166667938232421875 40.833332061767578125 42.833332061767578125 37.166667938232421875 13 6 3.3333332538604736328 0.5 0.5 0.16666667163372039795 null
66.33333587646484375 64.5 61.333332061767578125 58 55.833332061767578125 55.833332061767578125 52.333332061767578125 54.833332061767578125 57 60.833332061767578125 60.166667938232421875 60.166667938232421875 57.833332061767578125 55 54.166667938232421875 53 52.5 54.833332061767578125 57 57 56.5 55 50.166667938232421875 49.5 50.333332061767578125 51.833332061767578125 5null 45.666667938232421875 43.833332061767578125 41.833332061767578125 41.5 42.833332061767578125 41.666667938232421875 42.5 41.166667938232421875 34.166667938232421875 30.666666030883789062 31.166666030883789062 39.833332061767578125 39.5 38.5 37 34.833332061767578125 33.5 31.666666030883789062 33.166667938232421875 36.5 4null 42.833332061767578125 43 43.833332061767578125 44 41.833332061767578125 26.166666030883789062 11.833333015441894531 4 4.6666665077209472656 11.5 19
70.83333587646484375 68.16666412353515625 64.16666412353515625 62.666667938232421875 62.166667938232421875 61.833332061767578125 59.833332061767578125 56.5 58 61.166667938232421875 63.666667938232421875 62.5 62.166667938232421875 62.333332061767578125 61.333332061767578125 60.666667938232421875 59.833332061767578125 60.666667938232421875 61.833332061767578125 62.666667938232421875 62.666667938232421875 61.166667938232421875 56.333332061767578125 54 51.666667938232421875 52 5null 50.166667938232421875 5null 47.333332061767578125 46.5 46.666667938232421875 47.833332061767578125 46.166667938232421875 44.833332061767578125 50.166667938232421875 49.666667938232421875 51.666667938232421875 48.666667938232421875 43.5 40.166667938232421875 37.5 36.333332061767578125 37.166667938232421875 39.333332061767578125 40.833332061767578125 44 44.833332061767578125 45.666667938232421875 45.166667938232421875 44 43.166667938232421875 41.5 39 26.5 21 20.166666030883789062 29.833333969116210938 31
74.83333587646484375 70.83333587646484375 70.5 67.83333587646484375 67.5 66.16666412353515625 63.333332061767578125 60.166667938232421875 59.333332061767578125 60.166667938232421875 62.166667938232421875 61.833332061767578125 62.333332061767578125 62.833332061767578125 64.83333587646484375 65 66 66.83333587646484375 67.66666412353515625 66.66666412353515625 65 64.5 61.5 58 55.5 55.166667938232421875 52.666667938232421875 52.5 53.5 52.5 51.166667938232421875 49.833332061767578125 51.833332061767578125 50.833332061767578125 50.333332061767578125 53.166667938232421875 51.333332061767578125 50.833332061767578125 50.666667938232421875 46.833332061767578125 42.833332061767578125 40.666667938232421875 40.833332061767578125 41.5 43.666667938232421875 45.166667938232421875 45 46 46 44 42.666667938232421875 41.333332061767578125 39.666667938232421875 35.833332061767578125 34 31.166666030883789062 30.333333969116210938 33.333332061767578125 33.166667938232421875
77.33333587646484375 77.33333587646484375 76.5 74.33333587646484375 72 70.33333587646484375 65.66666412353515625 64.5 62.5 63.333332061767578125 61.333332061767578125 62.333332061767578125 63.166667938232421875 64.66666412353515625 66 65.66666412353515625 69 69.83333587646484375 68.66666412353515625 71.33333587646484375 69.16666412353515625 67.33333587646484375 63.666667938232421875 60.5 59.666667938232421875 58.333332061767578125 55.666667938232421875 53 52.166667938232421875 51.833332061767578125 51.833332061767578125 50.833332061767578125 52.5 52.666667938232421875 52.666667938232421875 50.5 47.666667938232421875 47.833332061767578125 52.333332061767578125 48.166667938232421875 44.166667938232421875 42 41.833332061767578125 43.833332061767578125 45.833332061767578125 46.5 45.166667938232421875 42.666667938232421875 43.166667938232421875 40.5 39.166667938232421875 38 37.166667938232421875 32.166667938232421875 29.333333969116210938 29.333333969116210938 34 37 37.833332061767578125
82.16666412353515625 81.33333587646484375 82.66666412353515625 78 74.83333587646484375 72.33333587646484375 69 67.5 68.33333587646484375 67.66666412353515625 66.5 66.66666412353515625 68 67.66666412353515625 65 65.83333587646484375 68.66666412353515625 70.5 71.83333587646484375 73.16666412353515625 72.16666412353515625 70.16666412353515625 65.33333587646484375 65.66666412353515625 64.5 61.833332061767578125 58.5 55.5 53.166667938232421875 51.5 50.666667938232421875 52.833332061767578125 52.833332061767578125 52.5 52.666667938232421875 51.333332061767578125 50.5 50.833332061767578125 54.333332061767578125 49.333332061767578125 44.5 41.833332061767578125 42 41.833332061767578125 43.833332061767578125 43.666667938232421875 41 39.666667938232421875 39.666667938232421875 36.833332061767578125 34.666667938232421875 34.5 37.166667938232421875 31.833333969116210938 30.5 33.5 38.166667938232421875 40.333332061767578125 42.5
83.66666412353515625 83.33333587646484375 83.33333587646484375 8null 77.66666412353515625 75.33333587646484375 73.33333587646484375 74.33333587646484375 75 72.83333587646484375 72.16666412353515625 73.5 73.5 71.83333587646484375 69 66.66666412353515625 69.33333587646484375 72 73.33333587646484375 73.66666412353515625 72.16666412353515625 71.83333587646484375 66.5 69.33333587646484375 69.5 66.83333587646484375 63.833332061767578125 59.833332061767578125 56.166667938232421875 52.166667938232421875 51.833332061767578125 52.833332061767578125 53 54 55.333332061767578125 56.666667938232421875 54.5 54 50.833332061767578125 46.666667938232421875 43.5 43.666667938232421875 43.666667938232421875 43.333332061767578125 40.333332061767578125 39 37 39.5 40.833332061767578125 37.833332061767578125 35.166667938232421875 34.5 37.833332061767578125 38 35.333332061767578125 39.666667938232421875 42 44.5 45.666667938232421875
85.33333587646484375 83.66666412353515625 84.66666412353515625 81.16666412353515625 79 77.66666412353515625 77.16666412353515625 77.66666412353515625 77.16666412353515625 76.33333587646484375 77.16666412353515625 76.33333587646484375 74 71.33333587646484375 69.83333587646484375 68.5 70.66666412353515625 71.83333587646484375 71.83333587646484375 72.33333587646484375 71 68.5 68.33333587646484375 69.83333587646484375 70.83333587646484375 67.83333587646484375 64.33333587646484375 61.833332061767578125 59.5 55.833332061767578125 54.166667938232421875 55 55.5 55.833332061767578125 57 58.833332061767578125 56.5 51 46.333332061767578125 45.5 45.833332061767578125 46.166667938232421875 45.166667938232421875 41 36.833332061767578125 33.666667938232421875 35.833332061767578125 40.5 44.666667938232421875 42.333332061767578125 4null 37.666667938232421875 41 42.833332061767578125 40.5 41.833332061767578125 45.666667938232421875 48.666667938232421875 48.5
84.5 81.16666412353515625 81.66666412353515625 80.16666412353515625 77.83333587646484375 77.83333587646484375 79.5 78.33333587646484375 75.5 75.83333587646484375 77 78.83333587646484375 76 75 72 72.33333587646484375 72.16666412353515625 73.16666412353515625 73.83333587646484375 74.83333587646484375 73 70.83333587646484375 7null 69.33333587646484375 66.16666412353515625 63.5 63 62.5 62 58.833332061767578125 58.666667938232421875 59.166667938232421875 61 60.5 60.5 60.5 57.833332061767578125 51.166667938232421875 48.166667938232421875 48.666667938232421875 50.333332061767578125 49.5 47 41 40.333332061767578125 39.5 39.333332061767578125 42.833332061767578125 46.833332061767578125 48 42.333332061767578125 41.166667938232421875 43.833332061767578125 50.333332061767578125 48 48.166667938232421875 49.666667938232421875 50.5 48.5
85.66666412353515625 83.5 83 81.83333587646484375 77 79.16666412353515625 79.5 78.5 74 76.33333587646484375 77 77.16666412353515625 77.83333587646484375 76.33333587646484375 78.16666412353515625 78.83333587646484375 77.66666412353515625 78 78.5 79.5 78 73.83333587646484375 71.83333587646484375 70.33333587646484375 68 64.83333587646484375 64 63.833332061767578125 64 63.666667938232421875 63.166667938232421875 63 62 62.666667938232421875 63.833332061767578125 64.16666412353515625 62.333332061767578125 58.666667938232421875 56 52.833332061767578125 54 52.833332061767578125 50.666667938232421875 43 42 43.5 48.5 53.833332061767578125 55.166667938232421875 5null 43 43.833332061767578125 49 53.166667938232421875 50.833332061767578125 51.5 53.166667938232421875 56.333332061767578125 56.166667938232421875
91.5 89 87 82.16666412353515625 76.5 77.16666412353515625 79.33333587646484375 79 78.83333587646484375 80.16666412353515625 81.33333587646484375 8null 78.66666412353515625 79.16666412353515625 79.83333587646484375 80.33333587646484375 78.16666412353515625 76.33333587646484375 76 78.66666412353515625 78.83333587646484375 78.33333587646484375 72.66666412353515625 72 71.33333587646484375 70.83333587646484375 70.5 71.5 71.83333587646484375 74.16666412353515625 73.33333587646484375 74.33333587646484375 73.83333587646484375 73.33333587646484375 72.33333587646484375 70.83333587646484375 67 63.5 61.833332061767578125 59.833332061767578125 61.5 60.166667938232421875 56.333332061767578125 46.166667938232421875 45.666667938232421875 49.5 59.666667938232421875 61.166667938232421875 57.166667938232421875 47.833332061767578125 42.833332061767578125 45.333332061767578125 50.666667938232421875 56 58.833332061767578125 59.666667938232421875 60.166667938232421875 60.833332061767578125 60.666667938232421875
86 86.66666412353515625 86.33333587646484375 82.5 79.66666412353515625 78.33333587646484375 78 77.83333587646484375 77.83333587646484375 79 80.33333587646484375 81.5 82.16666412353515625 84.5 85.16666412353515625 83.16666412353515625 78.83333587646484375 78 76.16666412353515625 78.33333587646484375 79.66666412353515625 82.16666412353515625 80.16666412353515625 78.33333587646484375 78 79.33333587646484375 80.16666412353515625 79.83333587646484375 80.66666412353515625 80.83333587646484375 81.33333587646484375 81 79.5 79.5 78 75.16666412353515625 71.5 69.33333587646484375 66.66666412353515625 64.5 67.33333587646484375 69.16666412353515625 65.5 58 52.833332061767578125 56.833332061767578125 60.833332061767578125 60.5 57.166667938232421875 54.166667938232421875 51.666667938232421875 53 55.166667938232421875 60.833332061767578125 62.833332061767578125 63.166667938232421875 64.83333587646484375 63.833332061767578125 59.833332061767578125
84.83333587646484375 85.16666412353515625 85.66666412353515625 84 82.83333587646484375 82.16666412353515625 79.16666412353515625 78.16666412353515625 78.66666412353515625 78.83333587646484375 81 85.33333587646484375 85.16666412353515625 86.66666412353515625 85.33333587646484375 83.33333587646484375 80.83333587646484375 80.33333587646484375 79 8null 78.5 8null 81.16666412353515625 83 82.83333587646484375 84.16666412353515625 86 85.5 82.83333587646484375 83.16666412353515625 84.33333587646484375 85.66666412353515625 85.33333587646484375 85 81.83333587646484375 79.33333587646484375 76.5 73 71.83333587646484375 68.33333587646484375 65.5 66 7null 66.33333587646484375 60.166667938232421875 6null 60.666667938232421875 60.5 59.666667938232421875 58.5 57.166667938232421875 55.5 57.666667938232421875 62 63.333332061767578125 65.83333587646484375 65.5 63.5 59.833332061767578125
88.5 89.16666412353515625 87.5 87.5 85.16666412353515625 84.5 82.5 82.5 83.5 84.16666412353515625 83.33333587646484375 85.16666412353515625 84.5 84.5 84 84.66666412353515625 84.66666412353515625 84 81.83333587646484375 79.83333587646484375 79 78.66666412353515625 79.83333587646484375 81.16666412353515625 84.66666412353515625 86.66666412353515625 86.83333587646484375 85.5 84.66666412353515625 84.5 85 86.33333587646484375 87.16666412353515625 84.83333587646484375 83 83.66666412353515625 83.33333587646484375 80.83333587646484375 76.83333587646484375 72.33333587646484375 67 66.5 68.16666412353515625 67.16666412353515625 63.666667938232421875 62.5 62.833332061767578125 59.833332061767578125 58.666667938232421875 59.666667938232421875 59 57 55.833332061767578125 61 64.33333587646484375 63.666667938232421875 63.333332061767578125 63 57.5
88 90.16666412353515625 89 89 87.16666412353515625 86.66666412353515625 87.16666412353515625 85.83333587646484375 86.83333587646484375 86.5 86.5 84.66666412353515625 83.66666412353515625 82.83333587646484375 75.16666412353515625 8null 85.66666412353515625 84.5 81.16666412353515625 77 77 78.16666412353515625 79 79.66666412353515625 83 87 86.33333587646484375 87.16666412353515625 86 86.33333587646484375 87.5 86 86.66666412353515625 84.66666412353515625 86.5 86.16666412353515625 89.5 84.5 8null 76.5 70.83333587646484375 68.83333587646484375 69.83333587646484375 67.5 67 64.83333587646484375 63.666667938232421875 62.666667938232421875 62 60.666667938232421875 59.666667938232421875 58.833332061767578125 56.5 62 63.5 62.5 59.333332061767578125 57.333332061767578125 50.166667938232421875
