docs/data/greater85.asc
ncols        481
nrows        281
xllcorner    -170.125000000000
yllcorner    19.875000000000
cellsize     0.250000000000
NODATA_value  nan
[rows 156 to 181 of 281, columns 413 to 471 of 481]
null 0.16666667163372039795 0.16666667163372039795 null null null null null null null null null null 0.16666667163372039795 0.16666667163372039795 0.16666667163372039795 0.16666667163372039795 0.16666667163372039795 0.6666666865348815918 0.8333333134651184082 0.8333333134651184082 0.16666667163372039795 null 0.16666667163372039795 0.6666666865348815918 0.5 0.3333333432674407959 0.5 0.16666667163372039795 null null null null null null null null null null null null null 0.3333333432674407959 null null null null null null null null null null null null null null null null
0.3333333432674407959 0.3333333432674407959 0.3333333432674407959 0.16666667163372039795 null null null null null 0.16666667163372039795 0.3333333432674407959 0.5 0.3333333432674407959 0.5 0.3333333432674407959 0.16666667163372039795 0.16666667163372039795 0.16666667163372039795 0.16666667163372039795 0.16666667163372039795 0.16666667163372039795 0.3333333432674407959 1.5 1.5 1.1666666269302368164 null null 0.16666667163372039795 null null null null null null null null null null null null null null null null null null null null null null null null null null null null null null null
1.8333333730697631836 1.3333333730697631836 0.5 0.3333333432674407959 0.16666667163372039795 0.3333333432674407959 0.3333333432674407959 0.3333333432674407959 0.16666667163372039795 0.5 0.3333333432674407959 0.3333333432674407959 0.8333333134651184082 0.8333333134651184082 0.8333333134651184082 1.5 0.3333333432674407959 null null 0.16666667163372039795 null null 0.16666667163372039795 0.16666667163372039795 null null null null null null null null null null null null null null null null null null null null null null null null null null null null null null null null null null null
1.6666666269302368164 0.6666666865348815918 null null null null null null null null null null null null null null null null null null null null null null null null null null null null null null null null null null null null null null null null null null null null null null null null null null null null null null null null null
null null null null null null null null null null null null null null null null null null null null null null null null null null null null null null null null null null null null null null null null null null null null null null null null null null null null null null null null null null null
null null null null null null null null null null null null null null null null null null null null null null null null null null null null null null null null null null null null null null null null null null null null null null null null null null null null null null null null null null null
null null null null null null null null null null null null null null null 0.16666667163372039795 null null null null null null null null null null null null null null null null null null null null null null null null null null 0.3333333432674407959 null null null null null null null null null null null null null null null null
null null null null null null null null null null null null null null null null null null null null null null null null null null null null null null null null null null null null null null null null 0.16666667163372039795 0.3333333432674407959 1 0.3333333432674407959 null 0.3333333432674407959 0.3333333432674407959 null null 0.16666667163372039795 0.16666667163372039795 null 0.16666667163372039795 null null null null null null
null 0.5 1 0.8333333134651184082 0.8333333134651184082 1.3333333730697631836 1.5 2.3333332538604736328 0.5 null null null null null null null null null null null null null null null null null null null null null null null null null null null null null null null null 0.3333333432674407959 1 1.8333333730697631836 3 3.1666667461395263672 3 3.3333332538604736328 3.3333332538604736328 1.6666666269302368164 0.3333333432674407959 1 1.3333333730697631836 null null null null null null
0.8333333134651184082 1 0.8333333134651184082 0.8333333134651184082 1 1.1666666269302368164 1.1666666269302368164 2.6666667461395263672 3.6666667461395263672 0.8333333134651184082 null null null null null null null null null null null null null null null null null null null null null null null null null 0.16666667163372039795 null 0.16666667163372039795 0.3333333432674407959 null null 1 2 1.8333333730697631836 2.6666667461395263672 2.6666667461395263672 2.8333332538604736328 2.5 2.5 0.5 0.16666667163372039795 0.16666667163372039795 null null null null null null null
0.8333333134651184082 1.1666666269302368164 1.1666666269302368164 1.1666666269302368164 1.3333333730697631836 1.6666666269302368164 2 1.8333333730697631836 1.8333333730697631836 0.3333333432674407959 null null null null null null null null null null null null null null null null null null null null null null null null null 0.5 0.5 0.5 0.16666667163372039795 0.3333333432674407959 1 1 0.8333333134651184082 1 1.8333333730697631836 2.6666667461395263672 2.1666667461395263672 2 2.1666667461395263672 2.3333332538604736328 1.5 0.8333333134651184082 0.5 null null null null null null
1.8333333730697631836 2 2.6666667461395263672 4.1666665077209472656 3.3333332538604736328 2.5 1.8333333730697631836 0.16666667163372039795 null null null null null null null null null null null null null null null null null null null null null null null null null null 0.16666667163372039795 0.16666667163372039795 0.16666667163372039795 0.16666667163372039795 0.3333333432674407959 0.16666667163372039795 null 0.16666667163372039795 0.16666667163372039795 0.3333333432674407959 0.5 0.8333333134651184082 0.3333333432674407959 0.16666667163372039795 0.16666667163372039795 0.3333333432674407959 0.3333333432674407959 0.3333333432674407959 0.5 null null null null null null
3.3333332538604736328 5.1666665077209472656 5.5 7.1666665077209472656 0.6666666865348815918 0.16666667163372039795 null null null null null null null null null null null null null null null null null null null null null null null null null null null null null null null null 0.16666667163372039795 0.3333333432674407959 0.3333333432674407959 null null null 0.3333333432674407959 0.3333333432674407959 0.16666667163372039795 0.16666667163372039795 0.3333333432674407959 0.3333333432674407959 0.3333333432674407959 null null null null null null null null
4.3333334922790527344 4.8333334922790527344 5.6666665077209472656 7.3333334922790527344 1.1666666269302368164 1.1666666269302368164 1 null null null null null null null null null null null null null null null null null null null null null null null null null null null null null null null null null null null null null null null null null null 0.16666667163372039795 null null null null null null null null null
2.3333332538604736328 2.6666667461395263672 4.1666665077209472656 6 7.6666665077209472656 7.6666665077209472656 9.8333330154418945312 0.16666667163372039795 null null null null null null null null null null null null null null null null null null null null null null null null null null null null null null null null null null null null null null null null null null null null null null null null null null null
1.5 2 3.8333332538604736328 6.8333334922790527344 10.166666984558105469 8.5 7.5 null null null null null null null null null null null null null null null null null null null null null null null null null null null null null null null null null null null null null null null null null null null null null null null 0.16666667163372039795 null null null null
1.6666666269302368164 2.6666667461395263672 5 9.5 10.5 8.5 3.8333332538604736328 null null null null null null null null null null null null null null null null null null null null null null null null null null null null null null null null null null null null null null null null null null null null null null null 0.16666667163372039795 null null null null
2.6666667461395263672 3.8333332538604736328 7.8333334922790527344 12.166666984558105469 12.333333015441894531 13.5 12.166666984558105469 2 null null null null null null null null null null null null null null null null null null null null null null null null null null null null null null null null null null null null null null null null null null null null null null null null null null null
4.3333334922790527344 8.1666669845581054688 10.166666984558105469 12.166666984558105469 9.3333330154418945312 9.3333330154418945312 11.666666984558105469 12 2.6666667461395263672 null null null 6 null null null null null null null null null null null 0.8333333134651184082 null null null null null null null null null null null null null null null null null null null null null null null null null null null null null null null null null null
6.5 7.5 7.6666665077209472656 8.1666669845581054688 9 10.166666984558105469 9.8333330154418945312 10.5 5.6666665077209472656 1.5 null null null null 0.5 0.3333333432674407959 1.8333333730697631836 null null null null null null 0.3333333432674407959 0.8333333134651184082 0.8333333134651184082 null null null null null null null null null null null null null null null null null null null null null null null null null null null null null null null null null
10.666666984558105469 10.166666984558105469 8.5 3 5.5 6 5.5 4.5 3.3333332538604736328 6.1666665077209472656 5.3333334922790527344 0.5 null null null null null null null null null 1.3333333730697631836 0.3333333432674407959 0.5 null 0.16666667163372039795 0.16666667163372039795 0.16666667163372039795 null null null null null null null null null null null null null null null null null null null null null null null null null null null null null null null
9.8333330154418945312 9.6666669845581054688 4.5 1.8333333730697631836 2.8333332538604736328 2.3333332538604736328 1.6666666269302368164 0.6666666865348815918 0.6666666865348815918 2.1666667461395263672 1.6666666269302368164 2.8333332538604736328 0.3333333432674407959 0.3333333432674407959 0.5 0.8333333134651184082 1.5 0.8333333134651184082 null null null 1.5 0.5 0.16666667163372039795 null null null null null null null null null null null null null null null null null null null null null null null null null null null null null null null null null null null
10.5 3.5 2 0.3333333432674407959 0.16666667163372039795 0.3333333432674407959 null null null null null null 0.16666667163372039795 4 5.5 5 5.8333334922790527344 3.6666667461395263672 3.5 3 2.5 0.16666667163372039795 null null null null null null null null null null null null null null null null null null null null null null null null null null null null null null null null null null null null null
4.8333334922790527344 0.5 null null null null null null null null null null 0.6666666865348815918 6.3333334922790527344 4.5 4.6666665077209472656 4.8333334922790527344 2.3333332538604736328 2.3333332538604736328 1.5 null null null null null null null null null null null null null null null null null null null null null null null null null null null null null null null null null null null null null null null
null null null null null null null null 1.1666666269302368164 5.1666665077209472656 4.3333334922790527344 5.8333334922790527344 7.3333334922790527344 6 5.8333334922790527344 2 null null null null null null null null null null null null null null null null null null null null null null null null null null null null null null null null null null null null null null null null null null null
null null null null null null 2 7.6666665077209472656 7 7.3333334922790527344 5.3333334922790527344 1.3333333730697631836 1.5 1 null null null null null null null null null null null null null null null null null null null null null null null null null null null null null null null null null null null null null null null null null null null null null
